14 0.140625 0.484375 0.0390625 0.0890625
5 0.146875 0.6625 0.05 0.13125
4 0.2484375 0.415625 0.065625 0.0984375
12 0.253125 0.515625 0.1359375 0.0703125
1 0.35625 0.39375 0.028125 0.0796875
15 0.4640625 0.440625 0.0625 0.1390625
10 0.384375 0.609375 0.0765625 0.09375
2 0.3125 0.678125 0.046875 0.0484375
9 0.4875 0.703125 0.0640625 0.0671875
0 0.525 0.565625 0.25 0.05625
13 0.628125 0.659375 0.1921875 0.1265625
8 0.75625 0.6109375 0.1296875 0.10625
3 0.6 0.4875 0.1703125 0.0359375
16 0.6 0.328125 0.1734375 0.2046875
17 0.825 0.3234375 0.21875 0.215625
6 0.896875 0.55 0.1015625 0.0734375
7 0.8859375 0.6921875 0.046875 0.040625