14 0.1515625 0.5375 0.078125 0.0921875
5 0.1625 0.6640625 0.065625 0.128125
2 0.3109375 0.634375 0.05 0.0484375
12 0.3625 0.5421875 0.1328125 0.1
1 0.365625 0.396875 0.0734375 0.0578125
9 0.49375 0.55625 0.0578125 0.0640625
10 0.48125 0.6640625 0.09375 0.0875
15 0.621875 0.628125 0.10625 0.1515625
7 0.74375 0.6375 0.046875 0.0421875
0 0.840625 0.584375 0.0625 0.25625
3 0.96875 0.6296875 0.0578125 0.184375
8 0.55 0.390625 0.0359375 0.096875
6 0.596875 0.371875 0.0671875 0.084375
13 0.653125 0.38125 0.025 0.1453125
16 0.603125 0.35 0.16875 0.2015625
17 0.903125 0.628125 0.190625 0.2296875
4 0.259375 0.421875 0.084375 0.0953125