0 0.5515625 0.4703125 0.20625 0.140625
12 0.6859375 0.6875 0.14375 0.09375
5 0.771875 0.49375 0.1171875 0.0859375
2 0.7484375 0.4171875 0.046875 0.040625
10 0.2734375 0.415625 0.075 0.0953125
1 0.65 0.515625 0.025 0.0765625
3 0.46875 0.39375 0.15625 0.0703125
9 0.340625 0.446875 0.0578125 0.0515625
7 0.4875 0.6109375 0.0421875 0.0375
15 0.5484375 0.6734375 0.075 0.1734375
11 0.765625 0.5765625 0.128125 0.125
13 0.40625 0.653125 0.05 0.2390625
4 0.33125 0.60625 0.065625 0.128125
8 0.21875 0.59375 0.0703125 0.1484375