12 0.0625 0.675 0.0890625 0.1375
2 0.2 0.6625 0.0515625 0.0484375
5 0.128125 0.475 0.1296875 0.028125
9 0.23125 0.5640625 0.071875 0.0625
4 0.3359375 0.65 0.103125 0.1015625
17 0.396875 0.3609375 0.1984375 0.21875
16 0.8609375 0.378125 0.19375 0.2046875
3 0.65625 0.409375 0.10625 0.128125
15 0.496875 0.4859375 0.134375 0.1125
10 0.609375 0.5265625 0.0546875 0.090625
14 0.5484375 0.646875 0.096875 0.0765625
13 0.71875 0.60625 0.1359375 0.18125
6 0.8 0.621875 0.0796875 0.10625
1 0.884375 0.56875 0.0578125 0.0796875
7 0.909375 0.703125 0.0484375 0.0453125