9 0.121875 0.528125 0.08125 0.0734375
9 0.1 0.6640625 0.0859375 0.0625
3 0.1296875 0.746875 0.215625 0.0328125
12 0.246875 0.58125 0.0859375 0.1359375
5 0.353125 0.58125 0.0515625 0.1265625
1 0.43125 0.65625 0.0640625 0.1046875
2 0.46875 0.5578125 0.0515625 0.065625
0 0.8875 0.63125 0.1484375 0.25625
13 0.8078125 0.6625 0.109375 0.221875
15 0.9625 0.565625 0.0578125 0.1796875
8 0.609375 0.646875 0.0421875 0.15
10 0.6625 0.675 0.0671875 0.121875
16 0.621875 0.6421875 0.228125 0.2625
17 0.2828125 0.5875 0.234375 0.2625
7 0.3078125 0.775 0.05 0.046875
6 0.75 0.475 0.1078125 0.08125