10 0.7203125 0.3015625 0.10625 0.071875
16 0.759375 0.2984375 0.25 0.228125
13 0.909375 0.61875 0.0890625 0.225
15 0.65 0.653125 0.05625 0.184375
6 0.753125 0.65625 0.1078125 0.078125
0 0.54375 0.6453125 0.13125 0.24375
2 0.46875 0.55625 0.0515625 0.0640625
1 0.4375 0.659375 0.053125 0.1
5 0.3515625 0.58125 0.05 0.1265625
12 0.2453125 0.58125 0.0875 0.1359375
7 0.3078125 0.775 0.053125 0.05
3 0.1296875 0.746875 0.215625 0.0359375
9 0.1015625 0.66875 0.090625 0.0703125
9 0.121875 0.5296875 0.08125 0.075
17 0.2875 0.5890625 0.2453125 0.2625