11 0.24375 0.40625 0.0953125 0.1046875
5 0.515625 0.4296875 0.090625 0.06875
12 0.521875 0.7125 0.1203125 0.0625
0 0.671875 0.734375 0.1765625 0.1796875
6 0.3921875 0.58125 0.090625 0.05625
12 0.1 0.6125 0.1015625 0.1109375
7 0.634375 0.56875 0.0359375 0.0328125
2 0.3296875 0.64375 0.04375 0.0390625
9 0.25 0.61875 0.05625 0.053125
4 0.503125 0.596875 0.0515625 0.1046875
9 0.2609375 0.5078125 0.05625 0.053125
10 0.396875 0.43125 0.090625 0.05
8 0.6015625 0.459375 0.08125 0.0984375
3 0.71875 0.4765625 0.0484375 0.134375
14 0.809375 0.54375 0.0546875 0.059375
15 0.246875 0.765625 0.1671875 0.0265625
13 0.440625 0.8 0.2 0.05625
1 0.65625 0.65625 0.0359375 0.0328125