1 0.675 0.55625 0.065625 0.0671875
15 0.74375 0.6796875 0.1234375 0.134375
7 0.484375 0.653125 0.04375 0.0359375
2 0.771875 0.425 0.0484375 0.040625
11 0.7703125 0.5015625 0.0921875 0.096875
3 0.51875 0.3765625 0.1625 0.0625
4 0.6 0.45625 0.13125 0.0421875
9 0.4625 0.5140625 0.065625 0.0625
8 0.421875 0.4546875 0.1359375 0.040625
10 0.275 0.4015625 0.109375 0.0828125
12 0.271875 0.546875 0.0984375 0.1109375
5 0.390625 0.6484375 0.0546875 0.0828125
0 0.5796875 0.6546875 0.1234375 0.2546875
13 0.19375 0.678125 0.10625 0.2171875