15 0.1 0.628125 0.0828125 0.1515625
13 0.178125 0.4671875 0.0421875 0.178125
9 0.2453125 0.56875 0.0625 0.0625
2 0.196875 0.6609375 0.053125 0.046875
4 0.2703125 0.63125 0.05625 0.0640625
0 0.484375 0.578125 0.0546875 0.234375
5 0.4015625 0.5515625 0.04375 0.06875
8 0.3375 0.359375 0.1171875 0.0765625
1 0.284375 0.478125 0.0390625 0.0546875
10 0.584375 0.6046875 0.0890625 0.09375
7 0.6421875 0.53125 0.040625 0.0390625
3 0.8203125 0.378125 0.153125 0.0859375
6 0.853125 0.503125 0.09375 0.0765625
17 0.8640625 0.525 0.25625 0.2546875
16 0.6046875 0.3640625 0.2 0.21875
12 0.628125 0.365625 0.05 0.1171875
14 0.7125 0.7 0.053125 0.0953125